&BTFORCING_PARM01
 btforcingTideFreq=1.40752e-04,
 btforcingTideAmp=0.00000e+00,
 btforcingU0=5.00000e-02,
/
